05 8
06 16
07 16
08 32
09 32
10 64
1100 8
1101 8
1102 8
1103 16
1104 16
1105 16
1106 16
1107 16
1108 16
1109 16
1110 16
1111 16
1112 16
1113 16
1114 16
1200 16
1201 16
1202 16
1203 16
1204 16
1205 16
1206 32
1207 32
1208 32
1209 32
1210 32
1211 32
1212 32
1213 32
1214 32
1300 16
1301 16
1302 16
1303 32
1304 32
1305 32
1306 32
1307 32
1308 32
1309 32
1310 32
1311 64
1312 64
1313 64
1314 64
1400 32
1401 32
1402 32
1403 64
1404 64
1405 64
1406 64
1407 64
1408 64
1409 64
1410 64
1411 64
1412 64
1413 64
1414 64
1500 64
1501 64
1502 64
1503 64
1504 64
1505 64
1506 64
1507 64
1508 64
1509 64
1510 64
1511 64
1512 64
1513 64
1514 64
1800 8
1801 8
1802 8
1803 16
1804 16
1805 16
1806 16
1807 16
1808 16
1809 16
1810 16
1811 16
1812 16
1813 16
1814 16
1900 16
1901 16
1902 16
1903 16
1904 16
1905 16
1906 32
1907 32
1908 32
1909 32
1910 32
1911 32
1912 32
1913 32
1914 32
2000 16
2001 16
2002 16
2003 32
2004 32
2005 32
2006 32
2007 32
2008 32
2009 32
2010 32
2011 64
2012 64
2013 64
2014 64
2100 32
2101 32
2102 32
2103 64
2104 64
2105 64
2106 64
2107 64
2108 64
2109 64
2110 64
2111 64
2112 64
2113 64
2114 64
2200 64
2201 64
2202 64
2203 64
2204 64
2205 64
2206 64
2207 64
2208 64
2209 64
2210 64
2211 64
2212 64
2213 64
2214 64
